DOOMHANGAR_TRACK0_SIZE: .word 0
DOOMHANGAR_TRACK0_NOTES:  

DOOMHANGAR_TRACK1_SIZE: .word 0
DOOMHANGAR_TRACK1_NOTES:  

DOOMHANGAR_TRACK2_SIZE: .word 659
DOOMHANGAR_TRACK2_NOTES: 40, 39, 40, 93, 52, 133, 40, 19, 52, 116, 40, 5, 40, 42, 40, 93, 50, 136, 40, 11, 50, 107, 40, 17, 40, 42, 40, 90, 40, 133, 48, 130, 40, 5, 40, 42, 40, 93, 46, 136, 40, 11, 46, 122, 40, 56, 40, 79, 47, 139, 47, 133, 48, 5, 40, 90, 48, 31, 40, 11, 40, 28, 40, 107, 52, 133, 40, 28, 52, 93, 40, 14, 40, 42, 40, 93, 50, 136, 40, 19, 50, 113, 40, 42, 40, 93, 40, 133, 48, 113, 40, 31, 40, 51, 40, 82, 46, 136, 40, 664, 46, 25, 40, 39, 40, 93, 52, 133, 40, 19, 52, 116, 40, 5, 40, 42, 40, 93, 50, 136, 40, 11, 50, 107, 40, 17, 40, 42, 40, 90, 40, 133, 48, 130, 40, 5, 40, 42, 40, 93, 46, 136, 40, 11, 46, 122, 40, 56, 40, 79, 47, 139, 47, 133, 48, 5, 40, 90, 48, 31, 40, 11, 40, 28, 40, 107, 52, 133, 40, 28, 52, 93, 40, 14, 40, 42, 40, 93, 50, 136, 40, 19, 50, 113, 40, 42, 40, 93, 40, 133, 48, 113, 40, 31, 40, 51, 40, 82, 46, 136, 40, 664, 46, 25, 40, 39, 40, 93, 52, 133, 40, 19, 52, 116, 40, 5, 40, 42, 40, 93, 50, 136, 40, 11, 50, 107, 40, 17, 40, 42, 40, 90, 40, 133, 48, 130, 40, 5, 40, 42, 40, 93, 46, 136, 40, 11, 46, 122, 40, 56, 40, 79, 47, 139, 47, 133, 48, 5, 40, 90, 48, 31, 40, 11, 40, 28, 40, 107, 52, 133, 40, 28, 52, 93, 40, 14, 40, 42, 40, 93, 50, 136, 40, 19, 50, 113, 40, 42, 40, 93, 40, 133, 48, 113, 40, 31, 40, 51, 40, 82, 46, 136, 40, 664, 46, 25, 40, 39, 40, 93, 52, 133, 40, 19, 52, 116, 40, 5, 40, 42, 40, 93, 50, 136, 40, 11, 50, 107, 40, 17, 40, 42, 40, 90, 40, 133, 48, 130, 40, 5, 40, 42, 40, 93, 46, 136, 40, 11, 46, 122, 40, 56, 40, 79, 47, 139, 47, 133, 48, 5, 40, 90, 48, 31, 40, 11, 40, 28, 40, 107, 52, 133, 40, 28, 52, 93, 40, 14, 40, 42, 40, 93, 50, 136, 40, 19, 50, 113, 40, 42, 40, 93, 40, 133, 54, 14, 54, 68, 52, 65, 51, 71, 54, 65, 57, 68, 55, 65, 54, 71, 51, 71, 54, 65, 55, 71, 57, 65, 59, 71, 57, 62, 55, 71, 54, 65, 51, 73, 40, 39, 40, 93, 52, 133, 40, 19, 52, 116, 40, 5, 40, 42, 40, 93, 50, 136, 40, 11, 50, 107, 40, 17, 40, 42, 40, 90, 40, 133, 48, 130, 40, 5, 40, 42, 40, 93, 46, 136, 40, 11, 46, 122, 40, 56, 40, 79, 47, 139, 47, 133, 48, 5, 40, 90, 48, 31, 40, 11, 40, 28, 40, 107, 52, 133, 40, 28, 52, 93, 40, 14, 40, 42, 40, 93, 50, 136, 40, 19, 50, 113, 40, 42, 40, 93, 40, 133, 48, 113, 40, 31, 40, 51, 40, 82, 46, 136, 40, 664, 46, 25, 40, 39, 40, 93, 52, 133, 40, 19, 52, 116, 40, 5, 40, 42, 40, 93, 50, 136, 40, 11, 50, 107, 40, 17, 40, 42, 40, 90, 40, 133, 48, 130, 40, 5, 40, 42, 40, 93, 46, 136, 40, 11, 46, 122, 40, 56, 40, 79, 47, 139, 47, 133, 48, 5, 40, 90, 48, 31, 40, 11, 40, 28, 40, 107, 52, 133, 40, 28, 52, 93, 40, 14, 40, 42, 40, 93, 50, 136, 40, 19, 50, 113, 40, 42, 40, 93, 40, 133, 55, 14, 55, 73, 52, 65, 47, 68, 52, 65, 55, 71, 52, 71, 55, 62, 59, 71, 55, 65, 52, 71, 55, 65, 52, 71, 55, 65, 59, 71, 64, 62, 67, 71, 45, 39, 45, 93, 57, 133, 45, 19, 57, 116, 45, 5, 45, 42, 45, 93, 55, 136, 45, 11, 55, 107, 45, 17, 45, 42, 45, 90, 45, 133, 53, 130, 45, 5, 45, 42, 45, 93, 51, 136, 45, 11, 51, 122, 45, 56, 45, 79, 52, 139, 52, 133, 53, 5, 45, 90, 53, 31, 45, 11, 45, 28, 45, 107, 57, 133, 45, 28, 57, 93, 45, 14, 45, 42, 45, 93, 55, 136, 45, 19, 55, 113, 45, 42, 45, 93, 45, 133, 53, 113, 45, 31, 45, 51, 45, 82, 51, 136, 45, 664, 51, 25, 45, 39, 45, 93, 57, 133, 45, 19, 57, 116, 45, 5, 45, 42, 45, 93, 55, 136, 45, 11, 55, 107, 45, 17, 45, 42, 45, 90, 45, 133, 53, 130, 45, 5, 45, 42, 45, 93, 51, 136, 45, 11, 51, 122, 45, 56, 45, 79, 52, 139, 52, 133, 53, 5, 45, 90, 53, 31, 45, 11, 45, 28, 45, 107, 57, 133, 45, 28, 57, 93, 45, 14, 45, 42, 45, 93, 55, 136, 45, 19, 55, 113, 45, 42, 45, 93, 45, 133, 57, 14, 57, 71, 53, 65, 52, 73, 57, 62, 52, 71, 48, 62, 52, 73, 57, 59, 60, 73, 57, 71, 52, 65, 57, 73, 52, 62, 57, 71, 52, 65, 48, 68, 40, 39, 40, 93, 52, 133, 40, 19, 52, 116, 40, 5, 40, 42, 40, 93, 50, 136, 40, 11, 50, 107, 40, 17, 40, 42, 40, 90, 40, 133, 48, 130, 40, 5, 40, 42, 40, 93, 46, 136, 40, 11, 46, 122, 40, 56, 40, 79, 47, 139, 47, 133, 48, 5, 40, 90, 48, 31, 40, 11, 40, 28, 40, 107, 52, 133, 40, 28, 52, 93, 40, 14, 40, 42, 40, 93, 50, 136, 40, 19, 50, 113, 40, 42, 40, 93, 40, 133, 48, 113, 40, 31, 40, 51, 40, 82, 46, 136, 40, 664, 46, 25, 40, 39, 40, 93, 52, 133, 40, 19, 52, 116, 40, 5, 40, 42, 40, 93, 50, 136, 40, 11, 50, 107, 40, 17, 40, 42, 40, 90, 40, 133, 48, 130, 40, 5, 40, 42, 40, 93, 46, 136, 40, 11, 46, 122, 40, 56, 40, 79, 47, 139, 47, 133, 48, 5, 40, 90, 48, 31, 40, 11, 40, 28, 40, 107, 52, 133, 40, 28, 52, 93, 40, 14, 40, 42, 40, 93, 50, 136, 40, 19, 50, 113, 40, 42, 40, 93, 40, 133, 48, 14, 48, 113, 40, 31, 40, 51, 40, 82, 46, 136, 40, 664, 49, 11, 46, 14, 49, 19, 45, 19, 49, 82, 61, 133, 49, 11, 61, 113, 49, 11, 49, 42, 49, 93, 59, 136, 49, 11, 59, 107, 49, 14, 49, 48, 49, 88, 57, 133, 49, 5, 57, 133, 49, 48, 49, 90, 55, 136, 49, 5, 55, 122, 49, 5, 49, 59, 49, 76, 56, 136, 56, 127, 57, 8, 49, 90, 57, 28, 47, 14, 47, 28, 47, 105, 59, 136, 47, 28, 59, 102, 47, 5, 47, 45, 47, 90, 57, 142, 47, 14, 57, 113, 47, 5, 47, 42, 47, 90, 55, 139, 47, 8, 55, 105, 46, 19, 46, 65, 45, 71, 53, 133, 45, 664, 40, 31, 53, 2, 40, 36, 40, 93, 52, 133, 40, 19, 52, 116, 40, 5, 40, 42, 40, 93, 50, 136, 40, 11, 50, 107, 40, 17, 40, 42, 40, 90, 40, 133, 48, 130, 40, 5, 40, 42, 40, 93, 46, 136, 40, 11, 46, 122, 40, 56, 40, 79, 47, 139, 47, 133, 48, 5, 40, 90, 48, 31, 40, 11, 40, 28, 40, 107, 52, 133, 40, 28, 52, 93, 40, 14, 40, 42, 40, 93, 50, 136, 40, 19, 50, 113, 40, 42, 40, 93, 40, 133, 71, 14, 71, 65, 69, 73, 66, 65, 63, 68, 59, 73, 57, 62, 54, 73, 51, 59, 75, 73, 73, 62, 71, 73, 69, 62, 66, 73, 63, 62, 59, 73, 57, 71 

DOOMHANGAR_TRACK3_SIZE: .word 559
DOOMHANGAR_TRACK3_NOTES: , 40, 872740, 39, 40, 93, 52, 133, 40, 19, 52, 116, 40, 5, 40, 42, 40, 93, 50, 136, 40, 11, 50, 107, 40, 17, 40, 42, 40, 90, 40, 133, 48, 130, 40, 5, 40, 42, 40, 93, 46, 136, 40, 11, 46, 122, 40, 56, 40, 79, 47, 139, 47, 133, 48, 5, 40, 90, 48, 31, 40, 11, 40, 28, 40, 107, 52, 133, 40, 28, 52, 93, 40, 14, 40, 42, 40, 93, 50, 136, 40, 19, 50, 113, 40, 42, 40, 93, 40, 133, 48, 113, 40, 31, 40, 51, 40, 82, 46, 136, 40, 664, 46, 25, 40, 39, 40, 93, 52, 133, 40, 19, 52, 116, 40, 5, 40, 42, 40, 93, 50, 136, 40, 11, 50, 107, 40, 17, 40, 42, 40, 90, 40, 133, 48, 130, 40, 5, 40, 42, 40, 93, 46, 136, 40, 11, 46, 122, 40, 56, 40, 79, 47, 139, 47, 133, 48, 5, 40, 90, 48, 31, 40, 11, 40, 28, 40, 107, 52, 133, 40, 28, 52, 93, 40, 14, 40, 42, 40, 93, 50, 136, 40, 19, 50, 113, 40, 42, 40, 93, 40, 133, 66, 14, 66, 68, 64, 65, 63, 71, 66, 65, 69, 68, 67, 65, 66, 71, 63, 71, 66, 65, 67, 71, 69, 65, 71, 71, 69, 62, 67, 71, 66, 65, 63, 71, 40, 2, 40, 39, 40, 93, 52, 133, 40, 19, 52, 116, 40, 5, 40, 42, 40, 93, 50, 136, 40, 11, 50, 107, 40, 17, 40, 42, 40, 90, 40, 133, 48, 130, 40, 5, 40, 42, 40, 93, 46, 136, 40, 11, 46, 122, 40, 56, 40, 79, 47, 139, 47, 133, 48, 5, 40, 90, 48, 31, 40, 11, 40, 28, 40, 107, 52, 133, 40, 28, 52, 93, 40, 14, 40, 42, 40, 93, 50, 136, 40, 19, 50, 113, 40, 42, 40, 93, 40, 133, 48, 113, 40, 31, 40, 51, 40, 82, 46, 136, 40, 664, 46, 25, 40, 39, 40, 93, 52, 133, 40, 19, 52, 116, 40, 5, 40, 42, 40, 93, 50, 136, 40, 11, 50, 107, 40, 17, 40, 42, 40, 90, 40, 133, 48, 130, 40, 5, 40, 42, 40, 93, 46, 136, 40, 11, 46, 122, 40, 56, 40, 79, 47, 139, 47, 133, 48, 5, 40, 90, 48, 31, 40, 11, 40, 28, 40, 107, 52, 133, 40, 28, 52, 93, 40, 14, 40, 42, 40, 93, 50, 136, 40, 19, 50, 113, 40, 42, 40, 93, 40, 133, 67, 14, 67, 73, 64, 65, 59, 68, 64, 65, 67, 71, 64, 71, 67, 62, 71, 71, 67, 65, 64, 71, 67, 65, 64, 71, 67, 65, 71, 71, 76, 62, 79, 71, 45, 39, 45, 93, 57, 133, 45, 19, 57, 116, 45, 5, 45, 42, 45, 93, 55, 136, 45, 11, 55, 107, 45, 17, 45, 42, 45, 90, 45, 133, 53, 130, 45, 5, 45, 42, 45, 93, 51, 136, 45, 11, 51, 122, 45, 56, 45, 79, 52, 139, 52, 133, 53, 5, 45, 90, 53, 31, 45, 11, 45, 28, 45, 107, 57, 133, 45, 28, 57, 93, 45, 14, 45, 42, 45, 93, 55, 136, 45, 19, 55, 113, 45, 42, 45, 93, 45, 133, 53, 113, 45, 31, 45, 51, 45, 82, 51, 136, 45, 664, 51, 25, 45, 39, 45, 93, 57, 133, 45, 19, 57, 116, 45, 5, 45, 42, 45, 93, 55, 136, 45, 11, 55, 107, 45, 17, 45, 42, 45, 90, 45, 133, 53, 130, 45, 5, 45, 42, 45, 93, 51, 136, 45, 11, 51, 122, 45, 56, 45, 79, 52, 139, 52, 133, 53, 5, 45, 90, 53, 31, 45, 11, 45, 28, 45, 107, 57, 133, 45, 28, 57, 93, 45, 14, 45, 42, 45, 93, 55, 136, 45, 19, 55, 113, 45, 42, 45, 93, 45, 133, 69, 14, 69, 71, 65, 65, 64, 73, 69, 62, 64, 71, 60, 62, 64, 73, 69, 59, 72, 73, 69, 71, 64, 65, 69, 73, 64, 62, 69, 71, 64, 65, 60, 68, 40, 39, 40, 93, 52, 133, 40, 19, 52, 116, 40, 5, 40, 42, 40, 93, 50, 136, 40, 11, 50, 107, 40, 17, 40, 42, 40, 90, 40, 133, 48, 130, 40, 5, 40, 42, 40, 93, 46, 136, 40, 11, 46, 122, 40, 56, 40, 79, 47, 139, 47, 133, 48, 5, 40, 90, 48, 31, 40, 11, 40, 28, 40, 107, 52, 133, 40, 28, 52, 93, 40, 14, 40, 42, 40, 93, 50, 136, 40, 19, 50, 113, 40, 42, 40, 93, 40, 133, 48, 113, 40, 31, 40, 51, 40, 82, 46, 136, 40, 664, 46, 25, 40, 39, 40, 93, 52, 133, 40, 19, 52, 116, 40, 5, 40, 42, 40, 93, 50, 136, 40, 11, 50, 107, 40, 17, 40, 42, 40, 90, 40, 133, 48, 130, 40, 5, 40, 42, 40, 93, 46, 136, 40, 11, 46, 122, 40, 56, 40, 79, 47, 139, 47, 133, 48, 5, 40, 90, 48, 31, 40, 11, 40, 28, 40, 107, 52, 133, 40, 28, 52, 93, 40, 14, 40, 42, 40, 93, 50, 136, 40, 19, 50, 113, 40, 42, 40, 93, 40, 133, 48, 14, 48, 113, 40, 31, 40, 51, 40, 82, 46, 136, 40, 664, 49, 11, 46, 14, 49, 19, 45, 19, 49, 82, 61, 133, 49, 11, 61, 113, 49, 11, 49, 42, 49, 93, 59, 136, 49, 11, 59, 107, 49, 14, 49, 48, 49, 88, 57, 133, 49, 5, 57, 133, 49, 48, 49, 90, 55, 136, 49, 5, 55, 122, 49, 5, 49, 59, 49, 76, 56, 136, 56, 127, 57, 8, 49, 90, 57, 28, 47, 14, 47, 28, 47, 105, 59, 136, 47, 28, 59, 102, 47, 5, 47, 45, 47, 90, 57, 142, 47, 14, 57, 113, 47, 5, 47, 42, 47, 90, 55, 139, 47, 8, 55, 105, 46, 19, 46, 65, 45, 71, 53, 133, 45, 664, 40, 31, 53, 2, 40, 36, 40, 93, 52, 133, 40, 19, 52, 116, 40, 5, 40, 42, 40, 93, 50, 136, 40, 11, 50, 107, 40, 17, 40, 42, 40, 90, 40, 133, 48, 130, 40, 5, 40, 42, 40, 93, 46, 136, 40, 11, 46, 122, 40, 56, 40, 79, 47, 139, 47, 133, 48, 5, 40, 90, 48, 31, 40, 11, 40, 28, 40, 107, 52, 133, 40, 28, 52, 93, 40, 14, 40, 42, 40, 93, 50, 136, 40, 19, 50, 113, 40, 42, 40, 93, 40, 133, 71, 14, 71, 65, 69, 73, 66, 65, 63, 68, 59, 73, 57, 62, 54, 73, 51, 59, 75, 73, 73, 62, 71, 73, 69, 62, 66, 73, 63, 62, 59, 73, 57, 71 

DOOMHANGAR_TRACK4_SIZE: .word 508
DOOMHANGAR_TRACK4_NOTES: , 36, 690, 43, 1491, 36, 690, 43, 1491, 36, 690, 36, 1491, 43, 690, 51, 1491, 51, 272, 51, 272, 36, 144, 51, 127, 51, 272, 51, 272, 51, 272, 43, 136, 51, 136, 55, 136, 55, 136, 51, 272, 51, 272, 55, 144, 51, 127, 51, 272, 51, 272, 51, 272, 36, 136, 51, 136, 55, 136, 55, 136, 51, 272, 51, 272, 43, 144, 51, 127, 51, 272, 51, 272, 51, 272, 43, 136, 51, 136, 55, 136, 55, 136, 51, 272, 51, 272, 55, 144, 51, 127, 51, 272, 46, 272, 36, 272, 36, 136, 36, 136, 36, 68, 36, 68, 36, 68, 36, 68, 46, 90, 36, 22, 51, 159, 46, 90, 38, 2, 53, 178, 36, 71, 46, 25, 36, 42, 36, 85, 46, 11, 51, 36, 38, 90, 46, 8, 51, 173, 46, 90, 36, 22, 51, 159, 46, 90, 38, 2, 51, 178, 36, 71, 46, 25, 36, 42, 36, 85, 46, 11, 51, 36, 38, 90, 46, 8, 53, 173, 46, 90, 36, 22, 51, 159, 46, 90, 38, 2, 53, 178, 36, 71, 46, 25, 36, 42, 36, 85, 46, 11, 51, 36, 38, 90, 46, 8, 53, 173, 46, 90, 36, 22, 51, 159, 46, 90, 38, 2, 53, 178, 36, 71, 46, 25, 36, 42, 36, 85, 46, 11, 51, 36, 38, 90, 46, 8, 53, 173, 46, 90, 36, 22, 51, 159, 46, 90, 38, 2, 51, 178, 36, 71, 46, 25, 46, 42, 36, 85, 46, 11, 51, 36, 38, 90, 46, 8, 53, 173, 46, 90, 36, 22, 51, 159, 46, 90, 38, 2, 51, 178, 36, 71, 46, 25, 46, 42, 36, 85, 46, 11, 51, 36, 38, 90, 46, 8, 51, 173, 46, 90, 36, 22, 51, 159, 46, 90, 38, 2, 53, 178, 36, 71, 46, 25, 36, 42, 36, 85, 46, 11, 51, 36, 38, 90, 46, 8, 51, 173, 38, 99, 38, 173, 38, 99, 38, 173, 38, 99, 38, 173, 38, 99, 51, 173, 46, 90, 36, 22, 51, 159, 46, 90, 38, 2, 51, 178, 36, 71, 46, 25, 36, 42, 36, 85, 46, 11, 51, 36, 38, 90, 46, 8, 53, 173, 46, 90, 36, 22, 51, 159, 46, 90, 38, 2, 53, 178, 36, 71, 46, 25, 36, 42, 36, 85, 46, 11, 51, 36, 38, 90, 46, 8, 51, 173, 46, 90, 36, 22, 51, 159, 46, 90, 38, 2, 53, 178, 36, 71, 46, 25, 36, 42, 36, 85, 46, 11, 51, 36, 38, 90, 46, 8, 51, 173, 46, 90, 36, 22, 51, 159, 46, 90, 38, 2, 51, 178, 36, 71, 46, 25, 36, 42, 36, 85, 46, 11, 51, 36, 38, 90, 46, 8, 53, 173, 46, 90, 36, 22, 51, 159, 46, 90, 38, 2, 53, 178, 36, 71, 46, 25, 46, 42, 36, 85, 46, 11, 51, 36, 38, 90, 46, 8, 51, 173, 46, 90, 36, 22, 51, 159, 46, 90, 38, 2, 53, 178, 36, 71, 46, 25, 46, 42, 36, 85, 46, 11, 51, 36, 38, 90, 46, 8, 53, 173, 46, 90, 36, 22, 51, 159, 46, 90, 38, 2, 53, 178, 36, 71, 46, 25, 36, 42, 36, 85, 46, 11, 51, 36, 38, 90, 46, 8, 51, 173, 36, 99, 38, 36, 38, 136, 36, 99, 38, 36, 38, 136, 37, 99, 38, 36, 38, 136, 36, 99, 38, 36, 38, 136, 46, 90, 36, 22, 51, 159, 46, 90, 38, 2, 51, 178, 36, 71, 46, 25, 36, 42, 36, 85, 46, 11, 51, 36, 38, 90, 46, 8, 53, 173, 46, 90, 36, 22, 51, 159, 46, 90, 38, 2, 53, 178, 36, 71, 46, 25, 36, 42, 36, 85, 46, 11, 51, 36, 38, 90, 46, 8, 51, 173, 46, 90, 36, 22, 51, 159, 46, 90, 38, 2, 53, 178, 36, 71, 46, 25, 36, 42, 36, 85, 46, 11, 51, 36, 38, 90, 46, 8, 51, 173, 46, 90, 36, 22, 51, 159, 46, 90, 38, 2, 51, 178, 36, 71, 46, 25, 36, 42, 36, 85, 46, 11, 51, 36, 38, 90, 46, 8, 53, 173, 46, 90, 36, 22, 51, 159, 46, 90, 38, 2, 53, 178, 36, 71, 46, 25, 46, 42, 36, 85, 46, 11, 51, 36, 38, 90, 46, 8, 51, 173, 46, 90, 36, 22, 51, 159, 46, 90, 38, 2, 53, 178, 36, 71, 46, 25, 46, 42, 36, 85, 46, 11, 51, 36, 38, 90, 46, 8, 53, 173, 46, 90, 36, 22, 51, 159, 46, 90, 38, 2, 53, 178, 36, 71, 46, 25, 36, 42, 36, 85, 46, 11, 51, 36, 38, 90, 46, 8, 51, 173, 36, 99, 38, 36, 38, 136, 36, 99, 38, 36, 38, 136, 36, 99, 38, 36, 38, 136, 37, 99, 38, 36, 46, 136, 46, 90, 36, 22, 51, 159, 46, 90, 38, 2, 53, 178, 36, 71, 46, 25, 46, 42, 36, 85, 46, 11, 51, 36, 38, 90, 46, 8, 53, 173, 46, 90, 36, 22, 53, 159, 46, 90, 38, 2, 53, 178, 36, 71, 46, 25, 46, 42, 36, 85, 46, 11, 51, 36, 38, 90, 46, 8, 51, 173, 46, 90, 36, 22, 51, 159, 46, 90, 38, 2, 53, 178, 36, 71, 46, 25, 36, 42, 36, 85, 46, 11, 53, 36, 38, 90, 46, 8, 53, 173, 46, 90, 36, 22, 51, 159, 46, 90, 38, 2, 53, 178, 36, 71, 46, 25, 36, 42, 36, 85, 46, 11, 51, 36, 38, 90, 46, 8, 53, 173, 46, 90, 36, 22, 51, 159, 46, 90, 38, 2, 53, 178, 36, 71, 46, 25, 46, 42, 36, 85, 46, 11, 53, 36, 38, 90, 46, 8, 53, 173, 46, 90, 36, 22, 51, 159, 46, 90, 38, 2, 53, 178, 36, 71, 46, 25, 46, 42, 36, 85, 46, 11, 53, 36, 38, 90, 46, 8, 53, 173, 46, 90, 36, 22, 51, 159, 53, 8, 46, 82, 38, 2, 51, 178, 36, 71, 46, 25, 36, 42, 36, 85, 46, 11, 53, 36, 38, 90, 46, 8, 53, 173, 36, 99 

DOOMHANGAR_TRACK5_SIZE: .word 274
DOOMHANGAR_TRACK5_NOTES: 28, 90, 28, 2090, 28, 136, 28, 2045, 28, 90, 28, 2090, 28, 136, 28, 2045, 28, 136, 28, 1636, 28, 136, 28, 136, 28, 136, 28, 136, 28, 1636, 28, 136, 28, 136, 28, 136, 28, 136, 28, 1636, 28, 136, 28, 136, 28, 136, 28, 136, 28, 2045, 28, 127, 28, 144, 28, 127, 28, 144, 28, 127, 28, 144, 28, 127, 28, 144, 28, 127, 28, 144, 28, 127, 28, 144, 28, 127, 28, 144, 28, 127, 28, 144, 28, 127, 28, 144, 28, 127, 28, 144, 28, 127, 28, 144, 28, 127, 28, 144, 28, 127, 28, 144, 28, 127, 28, 144, 28, 127, 28, 144, 28, 127, 28, 144, 28, 127, 28, 144, 28, 127, 28, 144, 28, 127, 28, 144, 28, 127, 28, 144, 28, 127, 28, 144, 28, 127, 28, 144, 28, 127, 28, 144, 28, 127, 28, 144, 28, 127, 28, 144, 28, 127, 28, 144, 28, 127, 28, 144, 28, 127, 28, 144, 28, 127, 28, 144, 28, 127, 28, 144, 28, 127, 28, 144, 28, 127, 21, 144, 21, 127, 21, 144, 21, 127, 21, 144, 21, 127, 21, 144, 21, 127, 21, 144, 21, 127, 21, 144, 21, 127, 21, 144, 21, 127, 21, 144, 21, 127, 21, 144, 21, 127, 21, 144, 21, 127, 21, 144, 21, 127, 21, 144, 21, 127, 21, 144, 21, 127, 21, 144, 21, 127, 21, 144, 21, 127, 21, 144, 21, 127, 21, 144, 21, 127, 21, 144, 21, 127, 21, 144, 21, 127, 21, 144, 21, 127, 21, 144, 21, 127, 21, 144, 21, 127, 21, 144, 21, 127, 21, 144, 21, 127, 21, 144, 21, 127, 21, 144, 21, 127, 21, 144, 21, 127, 21, 144, 21, 127, 21, 144, 21, 127, 21, 144, 21, 127, 21, 144, 21, 127, 21, 144, 21, 127, 28, 144, 28, 127, 28, 144, 28, 127, 28, 144, 28, 127, 28, 144, 28, 127, 28, 144, 28, 127, 28, 144, 28, 127, 28, 144, 28, 127, 28, 144, 28, 127, 28, 144, 28, 127, 28, 144, 28, 127, 28, 144, 28, 127, 28, 144, 28, 127, 28, 144, 28, 127, 28, 144, 28, 127, 28, 144, 28, 127, 28, 144, 28, 127, 28, 144, 28, 127, 28, 144, 28, 127, 28, 144, 28, 127, 28, 144, 28, 127, 28, 144, 28, 127, 28, 144, 28, 127, 28, 144, 28, 127, 28, 144, 28, 127, 28, 144, 28, 127, 28, 144, 28, 127, 28, 144, 28, 127, 28, 144, 28, 127, 28, 144, 28, 127, 28, 144, 28, 127, 28, 144, 28, 127, 28, 144, 28, 127, 25, 144, 25, 133, 25, 139, 25, 167, 25, 105, 25, 133, 25, 139, 25, 167, 25, 105, 25, 133, 25, 139, 25, 167, 25, 105, 25, 133, 25, 139, 25, 167, 23, 105, 23, 178, 23, 93, 23, 170, 23, 102, 23, 156, 23, 116, 23, 156, 21, 116, 21, 164, 21, 107, 21, 167, 21, 105, 21, 164, 21, 107, 21, 170, 28, 102, 28, 127, 28, 144, 28, 127, 28, 144, 28, 127, 28, 144, 28, 127, 28, 144, 28, 127, 28, 144, 28, 127, 28, 144, 28, 127, 28, 144, 28, 127, 28, 144, 28, 127, 28, 144, 28, 127, 28, 144, 28, 127, 28, 144, 28, 127, 28, 144, 28, 946 

